日期    新增    现存
20200809 14     278
20200810 22     289
20200811 18     297
20200812 12     291 
20200813 9      288
20200814 9      286
20200815 5      279
20200816 7      272
20200817 3      261
20200818 7      256
20200819 5      242
20200820 1      234
20200821 9      231
20200823 3      210
20200824 3      196
20200825 6      187
20200826 9      176
20200827 13     170
20200828 14     180
20200829 7      181
20200830 10     174
20200831 13     175
20200901 17     173
20200902 12     169
20200903 8      165
